  1856         2017
 1856    0.228    0.161    0.232    0.151    0.204    0.226    0.240    0.217    0.284    0.134    0.144    0.238
 1857    0.224   -0.050   -0.065    0.017   -0.023    0.109    0.141    0.007    0.029   -0.125   -0.159   -0.273
 1858   -0.211   -0.304   -0.061    0.221    0.099   -0.030   -0.151   -0.062    0.080    0.158    0.284    0.132
 1859   -0.124   -0.111    0.069    0.158    0.096   -0.093   -0.172    0.072    0.089    0.137    0.068    0.091
 1860    0.124   -0.103    0.069   -0.060    0.178    0.312    0.238    0.048    0.004    0.119    0.001    0.150
 1861    0.009   -0.101    0.002    0.256    0.203    0.300    0.422    0.311    0.268    0.222    0.224    0.124
 1862   -0.019   -0.155   -0.065   -0.118   -0.174   -0.036   -0.286   -0.260   -0.249   -0.258   -0.344   -0.350
 1863   -0.139   -0.036    0.036    0.058    0.031   -0.034   -0.286   -0.292   -0.150   -0.226   -0.170   -0.108
 1864   -0.198   -0.348   -0.174   -0.028    0.080    0.123    0.269    0.355    0.202    0.133    0.194    0.196
 1865    0.195    0.255    0.168    0.065    0.033    0.203    0.125    0.045    0.289    0.255    0.220    0.220
 1866    0.053    0.180    0.215    0.133    0.177    0.353    0.283    0.261    0.150    0.142    0.269    0.278
 1867    0.313    0.285    0.388    0.297    0.159    0.090    0.109    0.072    0.004   -0.026    0.115   -0.051
 1868    0.064    0.133    0.204    0.263    0.189    0.328    0.408    0.205    0.149   -0.111   -0.054    0.125
 1869   -0.111    0.094    0.079    0.247    0.284    0.217    0.283    0.137    0.096   -0.004   -0.042   -0.085
 1870   -0.157    0.011   -0.040   -0.166   -0.028   -0.010   -0.038    0.102    0.152    0.159    0.175    0.110
 1871   -0.134   -0.117    0.131    0.181    0.144    0.133    0.174    0.059   -0.086   -0.146   -0.003    0.088
 1872   -0.068   -0.052   -0.084   -0.072    0.178    0.218    0.286    0.386    0.417    0.049   -0.032   -0.050
 1873    0.055    0.006    0.042    0.046   -0.048   -0.038    0.085    0.045    0.147    0.082    0.062    0.141
 1874    0.052   -0.112   -0.118   -0.089    0.016    0.163    0.101   -0.012    0.181   -0.039   -0.057   -0.289
 1875   -0.165    0.067    0.037    0.019    0.165    0.171    0.004    0.092    0.140    0.072   -0.058   -0.076
 1876   -0.204   -0.075   -0.090   -0.069   -0.071   -0.004    0.116    0.176    0.149   -0.053   -0.080   -0.016
 1877    0.008    0.159    0.243    0.148    0.258    0.327    0.303    0.366    0.266    0.236    0.304    0.322
 1878    0.245    0.338    0.348    0.647    0.528    0.630    0.424    0.590    0.551    0.322    0.376    0.474
 1879    0.326    0.382    0.023    0.040    0.249    0.179    0.087    0.019   -0.020    0.065    0.072    0.121
 1880    0.080    0.007    0.092   -0.034   -0.136   -0.008    0.121    0.105    0.258    0.233    0.151   -0.081
 1881    0.173    0.127    0.194    0.225    0.118    0.124    0.012    0.049   -0.019   -0.065   -0.301   -0.091
 1882   -0.127   -0.094   -0.029   -0.124   -0.126    0.004    0.065    0.074    0.047   -0.010    0.019    0.022
 1883   -0.042   -0.158   -0.147    0.034    0.040   -0.024   -0.038    0.025   -0.085   -0.107    0.000    0.141
 1884    0.040   -0.135   -0.102   -0.055   -0.040    0.145   -0.022   -0.000   -0.142   -0.135   -0.331   -0.104
 1885   -0.057    0.055   -0.024   -0.239   -0.155   -0.120   -0.014    0.125    0.046    0.044    0.023    0.046
 1886    0.143    0.139    0.196    0.220    0.247    0.216    0.258    0.077    0.015   -0.006   -0.001   -0.007
 1887   -0.086   -0.073   -0.009   -0.051    0.059    0.234    0.353    0.219    0.171    0.256    0.200    0.201
 1888    0.254    0.191    0.276    0.143    0.150    0.273    0.208    0.167    0.170    0.276    0.149    0.100
 1889    0.258    0.265    0.340    0.320    0.322    0.233    0.083    0.103    0.111    0.111    0.185    0.058
 1890    0.038    0.022   -0.031   -0.147   -0.139   -0.095   -0.247   -0.293   -0.252   -0.075   -0.263   -0.240
 1891   -0.268   -0.077    0.083    0.119    0.187    0.173    0.251    0.109    0.017    0.034   -0.229    0.028
 1892    0.071    0.132    0.105    0.013   -0.120   -0.137   -0.243   -0.097   -0.205   -0.173   -0.268   -0.168
 1893   -0.094   -0.045   -0.034   -0.146   -0.126    0.134    0.187    0.171    0.060   -0.050    0.032   -0.147
 1894   -0.139   -0.157   -0.177   -0.274   -0.349   -0.314   -0.217   -0.228   -0.216   -0.326   -0.303   -0.218
 1895   -0.106   -0.074   -0.253   -0.281   -0.197   -0.097   -0.063   -0.085    0.084    0.082   -0.099   -0.040
 1896   -0.057    0.042   -0.031    0.057    0.266    0.198    0.110    0.089    0.323    0.167    0.054    0.063
 1897    0.087    0.140    0.311    0.254    0.170    0.106    0.104    0.025    0.054    0.083   -0.007   -0.006
 1898   -0.009    0.064    0.114    0.068    0.096    0.216    0.223    0.146    0.112   -0.022   -0.123    0.007
 1899   -0.059   -0.045   -0.002    0.092    0.209    0.194    0.118    0.277    0.136    0.099    0.207    0.306
 1900    0.215    0.211    0.069    0.172    0.005    0.008    0.101    0.007    0.057    0.124    0.052    0.144
 1901    0.057    0.194    0.167    0.160    0.090    0.227    0.192    0.190    0.011   -0.100   -0.071   -0.057
 1902   -0.109   -0.025   -0.016   -0.142   -0.083   -0.244   -0.283   -0.164    0.007    0.024   -0.109   -0.078
 1903   -0.034    0.060   -0.051   -0.062   -0.137   -0.169   -0.157   -0.438   -0.449   -0.360   -0.232   -0.286
 1904   -0.346   -0.367   -0.373   -0.417   -0.392   -0.424   -0.331   -0.343   -0.473   -0.365   -0.193   -0.149
 1905   -0.220   -0.177   -0.354   -0.168   -0.058   -0.167   -0.049   -0.138   -0.351   -0.247   -0.264   -0.240
 1906   -0.067   -0.028   -0.048   -0.040   -0.156    0.012   -0.003   -0.060   -0.116   -0.137   -0.014   -0.221
 1907   -0.182   -0.345   -0.251   -0.158   -0.145   -0.251   -0.277   -0.312   -0.175   -0.216   -0.224   -0.188
 1908   -0.228   -0.230   -0.237   -0.206   -0.160   -0.061    0.027    0.011   -0.086   -0.118   -0.152   -0.119
 1909   -0.102   -0.140   -0.099   -0.146   -0.004   -0.126   -0.165   -0.081   -0.112   -0.149   -0.289   -0.232
 1910   -0.305   -0.249   -0.258   -0.308   -0.339   -0.359   -0.287   -0.257   -0.104   -0.188   -0.076   -0.240
 1911   -0.251   -0.251   -0.306   -0.318   -0.342   -0.237   -0.166   -0.063   -0.117   -0.112   -0.229   -0.171
 1912   -0.235   -0.258   -0.216   -0.167   -0.114   -0.149   -0.255   -0.393   -0.243   -0.249   -0.221   -0.234
 1913   -0.306   -0.211   -0.224   -0.440   -0.447   -0.565   -0.438   -0.434   -0.427   -0.381   -0.455   -0.326
 1914   -0.222   -0.318   -0.405   -0.383   -0.262   -0.376   -0.431   -0.370   -0.188   -0.113   -0.184   -0.227
 1915   -0.128   -0.116   -0.003    0.052    0.262    0.294    0.318    0.213    0.197    0.030   -0.006    0.012
 1916   -0.039   -0.098   -0.092   -0.118    0.020    0.029   -0.074   -0.016   -0.003   -0.074   -0.240   -0.208
 1917   -0.293   -0.349   -0.401   -0.305   -0.253   -0.151   -0.208   -0.191   -0.281   -0.341   -0.319   -0.258
 1918   -0.100   -0.174   -0.117   -0.178   -0.238   -0.418   -0.366   -0.390   -0.364   -0.257   -0.298   -0.223
 1919   -0.225   -0.058   -0.191   -0.055   -0.164   -0.221   -0.282   -0.190   -0.191   -0.142   -0.226   -0.289
 1920   -0.460   -0.402   -0.450   -0.333   -0.251   -0.280   -0.274   -0.302   -0.275   -0.266   -0.426   -0.302
 1921   -0.289   -0.272   -0.316   -0.263   -0.249   -0.246   -0.107   -0.245   -0.224   -0.053   -0.261   -0.119
 1922   -0.203   -0.240   -0.339   -0.408   -0.316   -0.330   -0.375   -0.307   -0.366   -0.285   -0.349   -0.323
 1923   -0.362   -0.459   -0.402   -0.428   -0.279   -0.312   -0.320   -0.424   -0.368   -0.263   -0.214   -0.059
 1924   -0.129   -0.197   -0.103   -0.056    0.047   -0.096   -0.124   -0.136   -0.203   -0.234   -0.314   -0.286
 1925   -0.324   -0.309   -0.237   -0.178   -0.076   -0.188   -0.143   -0.130   -0.118   -0.086   -0.171    0.047
 1926    0.035    0.108    0.048    0.110    0.126    0.069    0.142    0.053    0.042    0.178    0.027    0.090
 1927    0.081    0.077    0.040    0.069    0.192    0.155    0.156    0.158    0.105    0.174    0.137   -0.024
 1928   -0.045   -0.094   -0.093   -0.098    0.017    0.067    0.086    0.102    0.088    0.042   -0.051   -0.090
 1929   -0.087   -0.099   -0.089   -0.015   -0.109   -0.191   -0.179   -0.154   -0.064   -0.053   -0.113   -0.184
 1930   -0.122   -0.174   -0.093   -0.209   -0.110   -0.079    0.061    0.070    0.289    0.203    0.154    0.144
 1931    0.116    0.067    0.149    0.152    0.226    0.270    0.195    0.152    0.265    0.320    0.060    0.173
 1932    0.177    0.231    0.248    0.213    0.155    0.245    0.272    0.388    0.337    0.239    0.138    0.097
 1933    0.089    0.158    0.092    0.212    0.293    0.245    0.281    0.283    0.244    0.332    0.081    0.004
 1934   -0.110   -0.188   -0.210   -0.092   -0.111    0.035    0.172    0.081    0.144    0.172    0.019   -0.003
 1935    0.044   -0.134   -0.148    0.056    0.143    0.111    0.064    0.006   -0.035   -0.017    0.021    0.102
 1936    0.138    0.147    0.195    0.197    0.169    0.194    0.196    0.215    0.175    0.105    0.021    0.049
 1937    0.056    0.087    0.099    0.070    0.132    0.451    0.612    0.592    0.508    0.298    0.257    0.354
 1938    0.212    0.153    0.200    0.238    0.204    0.169    0.206    0.299    0.310    0.356    0.320    0.219
 1939    0.136    0.080   -0.031    0.096    0.106    0.178    0.326    0.324    0.301    0.011   -0.152   -0.078
 1940    0.063   -0.192   -0.143   -0.031    0.003    0.015    0.098    0.107    0.026   -0.048   -0.131   -0.137
 1941   -0.060    0.096    0.133    0.066    0.039   -0.017    0.090    0.280    0.306    0.417    0.394    0.328
 1942    0.137    0.200    0.194    0.206    0.211    0.261    0.102    0.147    0.226    0.205    0.198    0.094
 1943    0.131    0.098   -0.101   -0.134   -0.122   -0.074    0.019    0.018    0.078    0.082    0.146    0.230
 1944    0.303    0.320    0.425    0.317    0.295    0.350    0.364    0.446    0.420    0.369    0.275    0.277
 1945    0.263    0.352    0.368    0.414    0.313    0.177    0.087    0.111    0.088    0.106    0.188    0.142
 1946    0.281    0.194    0.135    0.065    0.093   -0.097   -0.201   -0.160   -0.013   -0.012   -0.061   -0.031
 1947   -0.170   -0.123   -0.087   -0.093   -0.150   -0.148   -0.152   -0.095   -0.046   -0.085    0.051    0.038
 1948   -0.011   -0.023    0.032   -0.066    0.000    0.059   -0.035   -0.018   -0.048    0.012    0.139    0.067
 1949    0.158    0.165    0.043    0.103   -0.019    0.006    0.076    0.107    0.075    0.109    0.112    0.122
 1950    0.115   -0.029   -0.101   -0.126   -0.054   -0.038   -0.051    0.025    0.014   -0.086    0.085    0.093
 1951    0.108    0.003    0.017    0.174    0.177    0.294    0.427    0.308    0.254    0.264    0.180    0.180
 1952    0.177    0.187    0.235    0.196    0.185    0.388    0.377    0.408    0.367    0.359    0.255    0.345
 1953    0.270    0.190    0.146    0.318    0.347    0.280    0.348    0.263    0.285    0.153    0.249    0.263
 1954    0.232    0.100    0.106   -0.009    0.075    0.104   -0.040   -0.010   -0.006   -0.027   -0.022   -0.046
 1955    0.081    0.045    0.046    0.100    0.181    0.198    0.273    0.180    0.208    0.284    0.391    0.261
 1956    0.191    0.099    0.018    0.068   -0.053   -0.259   -0.085   -0.093   -0.084   -0.038   -0.082    0.024
 1957   -0.076   -0.101   -0.015   -0.069   -0.116   -0.007    0.045    0.207    0.226    0.154    0.089    0.084
 1958    0.053    0.194    0.349    0.351    0.206    0.226    0.169    0.166    0.217    0.156    0.190    0.224
 1959    0.105    0.119   -0.023    0.001    0.012   -0.055   -0.027    0.017    0.130    0.117    0.055    0.114
 1960    0.181    0.221    0.093    0.101    0.307    0.323    0.275    0.340    0.215    0.301    0.255    0.142
 1961    0.065    0.085    0.153    0.231    0.198    0.037   -0.014    0.040    0.007    0.033    0.071    0.218
 1962    0.153    0.156    0.170    0.092    0.027   -0.067   -0.004   -0.059    0.008    0.070    0.050    0.194
 1963    0.161    0.170    0.138    0.108   -0.081   -0.043   -0.032   -0.069   -0.198   -0.067   -0.053   -0.056
 1964   -0.071    0.025    0.043   -0.142    0.045    0.008   -0.140   -0.230   -0.216   -0.267   -0.162   -0.117
 1965   -0.194   -0.173   -0.074   -0.093   -0.095   -0.123   -0.184   -0.206   -0.218   -0.244   -0.272   -0.119
 1966   -0.072    0.014   -0.006    0.048    0.005   -0.041   -0.052   -0.040    0.004    0.017    0.007    0.084
 1967    0.085    0.092   -0.030   -0.011   -0.183   -0.257   -0.226   -0.161   -0.093   -0.096   -0.231   -0.149
 1968   -0.243   -0.194   -0.205   -0.152   -0.120   -0.259   -0.226   -0.210   -0.146   -0.110   -0.104   -0.123
 1969   -0.059    0.108    0.211    0.153    0.014    0.032    0.097   -0.097   -0.103   -0.182   -0.120   -0.028
 1970   -0.007   -0.045    0.023    0.023   -0.043   -0.179   -0.196   -0.137   -0.134   -0.192   -0.237   -0.206
 1971   -0.242   -0.288   -0.306   -0.409   -0.323   -0.359   -0.346   -0.431   -0.362   -0.231   -0.239   -0.304
 1972   -0.314   -0.376   -0.435   -0.322   -0.465   -0.484   -0.371   -0.379   -0.298   -0.282   -0.273   -0.346
 1973   -0.369   -0.389   -0.339   -0.260   -0.164   -0.171   -0.099   -0.128   -0.126   -0.211   -0.204   -0.233
 1974   -0.271   -0.279   -0.396   -0.518   -0.495   -0.442   -0.510   -0.463   -0.501   -0.503   -0.421   -0.356
 1975   -0.268   -0.334   -0.304   -0.340   -0.383   -0.290   -0.267   -0.180   -0.331   -0.349   -0.336   -0.317
 1976   -0.379   -0.436   -0.488   -0.421   -0.483   -0.478   -0.302   -0.180   -0.188   -0.288   -0.410   -0.426
 1977   -0.384   -0.328   -0.177   -0.212   -0.164   -0.102   -0.100   -0.139   -0.226   -0.218   -0.137   -0.199
 1978   -0.100   -0.141   -0.153   -0.189   -0.198   -0.327   -0.270   -0.221   -0.184   -0.201   -0.113   -0.176
 1979   -0.186   -0.145   -0.222   -0.231   -0.111   -0.035   -0.088   -0.108   -0.103   -0.081   -0.078   -0.053
 1980    0.005   -0.071   -0.132    0.007    0.136    0.116    0.057    0.030   -0.001   -0.054   -0.190   -0.242
 1981   -0.170   -0.169    0.013   -0.083   -0.072   -0.050   -0.082   -0.103   -0.024   -0.175   -0.125    0.006
 1982   -0.069   -0.066   -0.068   -0.170   -0.179   -0.172   -0.216   -0.297   -0.295   -0.359   -0.405   -0.368
 1983   -0.286   -0.091    0.094    0.072   -0.036   -0.042   -0.003   -0.146   -0.203   -0.183   -0.146    0.010
 1984   -0.094   -0.076   -0.112   -0.145   -0.153   -0.312   -0.253   -0.213   -0.196   -0.331   -0.412   -0.305
 1985   -0.342   -0.317   -0.344   -0.388   -0.325   -0.116   -0.141   -0.269   -0.235   -0.233   -0.283   -0.324
 1986   -0.331   -0.263   -0.280   -0.312   -0.216   -0.249   -0.236   -0.260   -0.207   -0.306   -0.385   -0.359
 1987   -0.265   -0.205   -0.020    0.041    0.080    0.215    0.292    0.292    0.206    0.059   -0.058    0.055
 1988   -0.030   -0.104    0.001    0.062    0.148    0.176    0.119    0.001   -0.086   -0.161   -0.138   -0.155
 1989   -0.212   -0.147   -0.244   -0.281   -0.138    0.100    0.186    0.122   -0.086   -0.114   -0.141   -0.144
 1990   -0.290   -0.153   -0.170   -0.108   -0.050   -0.047   -0.013    0.061    0.156    0.122   -0.045   -0.027
 1991   -0.186   -0.108   -0.061   -0.124   -0.145   -0.121   -0.099   -0.101   -0.029   -0.254   -0.253   -0.206
 1992   -0.183   -0.087   -0.085   -0.177   -0.215   -0.143   -0.212   -0.373   -0.362   -0.293   -0.327   -0.277
 1993   -0.233   -0.180   -0.237   -0.166   -0.157   -0.174   -0.270   -0.222   -0.158   -0.236   -0.312   -0.286
 1994   -0.290   -0.302   -0.272   -0.193   -0.200   -0.215   -0.225   -0.229   -0.146   -0.053   -0.013   -0.084
 1995   -0.056   -0.034    0.022    0.082    0.278    0.370    0.320    0.189    0.060    0.108    0.133    0.048
 1996   -0.004   -0.026   -0.052    0.015   -0.059   -0.118   -0.099   -0.003    0.004   -0.139   -0.168   -0.149
 1997   -0.085   -0.030    0.011    0.013    0.046    0.014    0.066    0.021    0.115    0.156    0.057    0.137
 1998    0.136    0.298    0.328    0.297    0.390    0.495    0.493    0.518    0.418    0.388    0.323    0.285
 1999    0.057    0.063    0.075    0.058    0.168    0.186    0.204    0.313    0.191    0.023   -0.043    0.021
 2000   -0.078   -0.032    0.110    0.048    0.111   -0.012    0.078    0.109    0.108   -0.034   -0.047   -0.121
 2001   -0.121   -0.020    0.021   -0.006   -0.003    0.204    0.141    0.184    0.292    0.258    0.162    0.220
 2002    0.188    0.171    0.151    0.033   -0.042   -0.111   -0.059    0.113    0.086    0.118    0.026    0.011
 2003    0.057   -0.006    0.119    0.085    0.157    0.212    0.283    0.422    0.458    0.433    0.230    0.231
 2004    0.217    0.216    0.164    0.115    0.012    0.184    0.234    0.323    0.247    0.249    0.227    0.194
 2005    0.117    0.132    0.291    0.299    0.300    0.333    0.453    0.446    0.425    0.244    0.147    0.223
 2006    0.130    0.082    0.067    0.204    0.315    0.340    0.381    0.408    0.371    0.341    0.296    0.178
 2007    0.178    0.224    0.134    0.166    0.118    0.095    0.136    0.061    0.105    0.165    0.183    0.118
 2008    0.037    0.135    0.165    0.050    0.179    0.263    0.213    0.182    0.205    0.109    0.008    0.026
 2009   -0.052   -0.157   -0.153   -0.124   -0.054    0.128    0.235    0.160    0.064    0.171    0.076    0.089
 2010    0.047    0.184    0.294    0.433    0.467    0.455    0.457    0.532    0.456    0.331    0.243    0.215
 2011    0.151    0.115    0.062    0.099    0.159    0.185    0.099    0.154    0.151    0.070   -0.063   -0.037
 2012   -0.058    0.011    0.033    0.087    0.171    0.307    0.382    0.438    0.455    0.337    0.172    0.148
 2013    0.135    0.123    0.165    0.144    0.108    0.053    0.197    0.201    0.262    0.354    0.135    0.044
 2014   -0.055   -0.035   -0.074   -0.087    0.006    0.069    0.229    0.342    0.317    0.299    0.072    0.066
 2015   -0.001    0.003   -0.122   -0.064    0.052    0.036    0.139    0.185    0.307    0.332    0.194    0.236
 2016    0.238    0.163    0.195    0.184    0.351    0.416    0.439    0.464    0.465    0.387    0.398    0.342
 2017    0.233    0.234    0.175  -99.990  -99.990  -99.990  -99.990  -99.990  -99.990  -99.990  -99.990  -99.990
  -99.99
  AMO unsmoothed from the Kaplan SST V2
  Calculated at NOAA/ESRL/PSD1
  http://www.esrl.noaa.gov/psd/data/timeseries/AMO/
